//Here are the detailed results using a D4 V2 VM in North Europe.

//Summary
Scenario			Send Rate (msg/s)	Receive Rate (msg/s)
1MU_Queue			4401				4401
1MU_1Subscription	2223				2220
1MU_5Subscriptions	1348				2994
2MU_Queue			9070				9069
2MU_1Subscription	4499				4493
2MU_5Subscriptions	1676				8331
4MU_Queue			16782				16782
4MU_1Subscription	8960				8956
4MU_5Subscriptions	3844				19202

//1MU_Queue
Time	Send Rate (msg/s)	Send Latency (ms)	Send Count (msg)	Receive Rate (msg/s)	Receive Latency (ms)	Complete Latency (ms)	Receive Count (msg)	Server Busy Count	Other Exceptions
8:22:43 PM	3,893	252.36	116,800	3,893	347.75	151.97	116,800	0	0
8:23:13 PM	4,313	231.14	129,400	4,293	339.47	126.96	128,801	0	0
8:23:43 PM	4,460	222.37	133,800	4,473	316.15	128.56	134,200	0	0
8:24:13 PM	4,726	211.17	141,800	4,720	318.57	108.21	141,600	0	0
8:24:43 PM	4,240	233.36	127,200	4,240	346.39	122.65	127,200	0	0
8:25:13 PM	4,410	226.37	132,300	4,400	341.29	113.83	132,000	0	0
8:25:43 PM	4,443	224.8	133,300	4,456	333.39	118.93	133,700	0	0
8:26:13 PM	4,420	224.7	132,600	4,426	333.55	117.49	132,800	0	0
8:26:43 PM	4,096	243.1	122,900	4,100	347.1	140.91	123,000	0	0
8:27:13 PM	4,406	224.05	132,200	4,403	336.65	114.78	132,100	0	0
8:27:43 PM	4,300	232.82	129,000	4,303	343.91	123.53	129,100	0	0
8:28:13 PM	4,606	214.48	138,200	4,590	313.45	119.42	137,700	0	0
8:28:43 PM	4,333	231.19	130,000	4,350	330.77	131.81	130,500	0	0
8:29:14 PM	4,640	212.87	139,200	4,636	322.09	106.86	139,100	0	0
8:29:44 PM	4,570	219.22	137,100	4,573	316.7	123.97	137,200	0	0
8:30:14 PM	4,673	210.11	140,200	4,670	307.06	116.53	140,100	0	0
8:30:44 PM	4,476	224.29	134,300	4,456	347.72	103.96	133,700	0	0
8:31:14 PM	4,256	231.93	127,700	4,280	338.29	126.86	128,400	0	0
8:31:44 PM	4,186	234.4	125,600	4,186	344.79	126.09	125,600	0	0
8:32:14 PM	4,573	223.28	137,200	4,563	334.46	114.18	136,900	0	0
8:32:44 PM	4,390	223.9	131,700	4,393	336.82	115.1	131,800	0	0
SUMMARY	4,401	225.81	2,799,300	4,401	332.8	121.06	2,799,301	0	0

//1MU_1Subscription
Time	Send Rate (msg/s)	Send Latency (ms)	Send Count (msg)	Receive Rate (msg/s)	Receive Latency (ms)	Complete Latency (ms)	Receive Count (msg)	Server Busy Count	Other Exceptions
8:44:46 PM	2,300	441.15	66,700	2,203	579.07	312.55	63,900	0	0
8:45:16 PM	2,123	470.55	63,700	2,086	664.07	301.71	62,601	0	0
8:45:46 PM	1,740	570.12	52,200	1,786	697.03	410.95	53,600	0	0
8:46:16 PM	1,980	508.73	59,400	1,943	722.51	307.86	58,300	0	0
8:46:46 PM	2,166	456.2	65,000	2,173	596.04	310.18	65,200	0	0
8:47:16 PM	2,150	463.54	64,500	2,116	609.43	339.34	63,500	0	0
8:47:46 PM	2,280	441.89	68,400	2,353	595.79	269.9	70,600	0	0
8:48:16 PM	2,433	406.75	73,000	2,426	551.85	264.73	72,800	0	0
8:48:46 PM	2,530	397.2	75,900	2,490	601.71	210.33	74,700	0	0
8:49:16 PM	2,253	437.13	67,600	2,310	622.57	242.2	69,300	0	0
8:49:46 PM	2,260	444.87	67,800	2,240	625.95	275.18	67,200	0	0
8:50:16 PM	2,240	440.64	67,200	2,223	608.56	283.09	66,700	0	0
8:50:46 PM	2,303	437.01	69,100	2,313	615.14	253.72	69,400	0	0
8:51:16 PM	2,190	449.45	65,700	2,226	571.78	321.29	66,800	0	0
8:51:46 PM	2,360	426.69	70,800	2,343	592.48	265.74	70,300	0	0
8:52:16 PM	2,156	457.32	64,700	2,176	654.37	258.51	65,300	0	0
8:52:46 PM	2,176	461.89	65,300	2,096	685.74	274.34	62,900	0	0
8:53:16 PM	2,213	453.22	66,400	2,213	649.8	255.68	66,400	0	0
8:53:46 PM	2,350	418.12	70,500	2,386	606.89	224.08	71,600	0	0
8:54:16 PM	2,310	433.58	69,300	2,300	603.49	261.65	69,000	0	0
SUMMARY	2,223	447.73	1,349,900	2,220	620.5	278.22	1,347,801	0	0

//1MU_5Subscriptions
Time	Send Rate (msg/s)	Send Latency (ms)	Send Count (msg)	Receive Rate (msg/s)	Receive Latency (ms)	Complete Latency (ms)	Receive Count (msg)	Server Busy Count	Other Exceptions
9:00:32 PM	1,476	661.77	44,300	3,360	2125.05	485.8	100,800	0	0
9:01:02 PM	1,113	887.87	33,400	3,573	2191.07	579.58	107,203	0	0
9:01:32 PM	1,276	775.87	38,300	3,513	2113.54	721.09	105,402	0	0
9:02:02 PM	1,413	720.04	42,400	3,986	1961.2	594	119,600	0	0
9:02:32 PM	1,290	773.71	38,700	3,900	2057.51	528.96	117,000	0	0
9:03:02 PM	966	1025.73	29,000	3,300	2299.03	740.32	99,000	0	0
9:03:32 PM	996	991.5	29,900	3,163	2317.46	763.06	94,900	0	0
9:04:02 PM	1,250	797.75	37,500	3,836	2031.46	619.22	115,100	0	0
9:04:32 PM	1,330	754.7	39,900	4,100	1880.07	598.58	123,000	0	0
9:05:02 PM	1,203	826.99	36,100	3,750	2025.44	580.14	112,500	0	0
9:05:32 PM	1,203	820.18	36,100	3,450	2191.53	634.05	103,500	0	0
9:06:02 PM	1,043	961.26	31,300	3,433	2425.85	595.13	103,000	0	0
9:06:32 PM	1,196	822.16	35,900	3,616	2135.4	664.64	108,500	0	0
9:07:02 PM	1,043	964.81	31,300	2,700	2618.39	731.77	81,000	0	0
9:07:32 PM	1,190	771.12	35,700	3,450	2394.99	547.67	103,500	0	0
9:08:02 PM	1,603	621.52	48,100	1,800	5077.68	375.12	54,000	0	0
9:08:32 PM	2,216	490.21	66,500	1,050	8881.22	561.24	31,500	0	0
9:09:02 PM	1,343	725.58	40,300	2,100	4471.54	515.07	63,000	0	0
9:09:32 PM	2,076	321.96	62,300	900	9134.97	263.62	27,000	4	0
9:10:02 PM	1,436	779.45	43,100	1,950	5500.23	470.82	58,500	0	0
SUMMARY	1,348	730.68	837,300	2,994	2718.07	596.58	1,859,505	4	0

//2MU_Queue
Time	Send Rate (msg/s)	Send Latency (ms)	Send Count (msg)	Receive Rate (msg/s)	Receive Latency (ms)	Complete Latency (ms)	Receive Count (msg)	Server Busy Count	Other Exceptions
9:28:12 PM	9,103	111.07	264,000	9,089	171.91	50.96	263,600	0	0
9:28:42 PM	9,090	109.75	272,700	9,086	166.44	55.49	272,601	0	0
9:29:12 PM	9,133	108.32	274,000	9,140	164.41	54.59	274,200	0	0
9:29:42 PM	9,163	108.08	274,900	9,160	164.98	53.43	274,800	0	0
9:30:12 PM	9,046	109.32	271,400	9,043	166.68	53.17	271,300	0	0
9:30:42 PM	8,790	112.76	263,700	8,780	172.36	56.62	263,400	0	0
9:31:12 PM	9,503	104.09	285,100	9,520	157.42	52.97	285,600	0	0
9:31:42 PM	9,186	107.74	275,600	9,183	164.08	53.61	275,500	0	0
9:32:12 PM	9,503	104.08	285,100	9,510	160.32	50.08	285,300	0	0
9:32:43 PM	9,393	104.37	281,800	9,396	160.49	50.37	281,900	0	0
9:33:13 PM	8,803	113.69	264,100	8,793	172.08	57.54	263,800	0	0
9:33:43 PM	8,723	113.1	261,700	8,730	167.69	61	261,900	0	0
9:34:13 PM	8,760	113.33	262,800	8,746	172.98	55.64	262,400	0	0
9:34:43 PM	9,396	105.22	281,900	9,406	157.33	55.13	282,200	0	0
9:35:13 PM	8,563	115.97	256,900	8,560	172.38	61.49	256,800	0	0
9:35:43 PM	9,473	104.49	284,200	9,476	158.04	53.65	284,300	0	0
9:36:13 PM	9,093	108.85	272,800	9,100	164.78	54.8	273,000	0	0
9:36:43 PM	8,956	110.64	268,700	8,950	164.21	59.29	268,500	0	0
9:37:13 PM	9,050	108.74	271,500	9,046	161.84	57.86	271,400	0	0
9:37:43 PM	9,193	108.21	275,800	9,206	164.38	54.02	276,200	0	0
9:38:13 PM	8,546	115.12	256,400	8,546	174.19	58.52	256,400	0	0
SUMMARY	9,070	109.21	5,868,300	9,069	165.56	55.02	5,868,101	0	0

//2MU_1Subscription
Time	Send Rate (msg/s)	Send Latency (ms)	Send Count (msg)	Receive Rate (msg/s)	Receive Latency (ms)	Complete Latency (ms)	Receive Count (msg)	Server Busy Count	Other Exceptions
9:41:25 PM	5,020	204.17	145,600	4,910	278.58	132.67	142,400	0	0
9:41:55 PM	4,640	213.75	139,200	4,670	300.04	131	140,101	0	0
9:42:25 PM	4,480	222.34	134,400	4,496	293.44	151.81	134,900	0	0
9:42:55 PM	4,772	214.63	138,400	4,775	291.15	140.61	138,500	0	0
9:43:25 PM	4,323	230.59	129,700	4,300	335.89	127.41	129,000	0	0
9:43:55 PM	4,263	230.69	127,900	4,240	315.01	154.78	127,200	0	0
9:44:25 PM	4,416	227.63	132,500	4,406	309.53	145.14	132,200	0	0
9:44:55 PM	4,070	241.74	122,100	4,076	336.27	153.77	122,300	0	0
9:45:25 PM	4,260	235.85	127,800	4,286	316.46	154.29	128,600	0	0
9:45:55 PM	4,183	235.28	125,500	4,180	306.46	167.77	125,400	0	0
9:46:25 PM	4,156	241.81	124,700	4,170	317.27	167.6	125,100	0	0
9:46:55 PM	4,350	225.91	130,500	4,336	325.03	130.29	130,100	0	0
9:47:25 PM	4,640	215.82	139,200	4,620	291.68	144.78	138,600	0	0
9:47:55 PM	4,890	203.97	146,700	4,893	261.97	143.72	146,800	0	0
9:48:25 PM	4,463	221.46	133,900	4,476	301.91	147.75	134,300	0	0
9:48:55 PM	4,590	217.69	137,700	4,596	302.68	135.51	137,900	0	0
9:49:25 PM	4,746	207.64	142,400	4,780	273.49	141.9	143,400	0	0
9:49:55 PM	4,876	205.37	146,300	4,803	282.36	134.93	144,100	0	0
9:50:25 PM	4,343	226.86	130,300	4,433	301.51	148.48	133,000	0	0
9:50:55 PM	4,763	210.66	142,900	4,720	281.47	144.64	141,600	0	0
SUMMARY	4,499	221.06	2,780,600	4,493	300.43	144.54	2,777,201	0	0

//2MU_5Subscriptions
Time	Send Rate (msg/s)	Send Latency (ms)	Send Count (msg)	Receive Rate (msg/s)	Receive Latency (ms)	Complete Latency (ms)	Receive Count (msg)	Server Busy Count	Other Exceptions
9:54:15 PM	1,743	562.37	52,300	8,166	728.15	436.19	245,000	0	0
9:54:45 PM	1,653	605.53	49,600	8,083	787.49	453.43	242,505	0	0
9:55:15 PM	1,556	625.7	46,700	8,060	738.04	488.65	241,800	0	0
9:55:45 PM	1,730	587.05	51,900	8,606	725.39	451.44	258,200	0	0
9:56:15 PM	1,616	608.64	48,500	7,683	800.74	479.05	230,500	0	0
9:56:45 PM	1,653	607.15	49,600	8,280	738.76	474.09	248,400	0	0
9:57:15 PM	1,836	539.63	55,100	7,670	970.61	316.49	230,100	0	0
9:57:45 PM	1,783	557.96	53,500	8,646	762.54	413.66	259,400	0	0
9:58:15 PM	1,773	562.97	53,200	8,803	729.78	403.42	264,100	0	0
9:58:45 PM	1,753	558.05	52,600	8,920	691.91	434.67	267,600	0	0
9:59:15 PM	1,846	542.69	55,400	9,346	676.24	400.94	280,400	0	0
9:59:45 PM	1,816	546.97	54,500	8,850	692.61	424.73	265,500	0	0
12:00:15 PM	1,760	567.43	52,800	8,826	778.32	362.28	264,800	0	0
12:00:45 PM	1,763	558.89	52,900	8,953	710.34	400.85	268,600	0	0
12:01:15 PM	1,773	564.84	53,200	8,720	681.64	479.79	261,600	0	0
12:01:45 PM	1,673	588.69	50,200	8,216	774.92	430.76	246,500	0	0
12:02:15 PM	1,470	659.45	44,100	7,090	823.23	558.85	212,700	0	0
12:02:45 PM	1,493	683.14	44,800	8,743	621.6	545.49	262,300	0	0
12:03:15 PM	1,582	645.18	45,900	8,793	691.52	487.47	255,000	0	0
12:03:45 PM	1,546	651.21	46,400	7,793	728.53	546.19	233,800	0	0
12:04:15 PM	1,570	633.17	47,100	7,826	815.24	469.88	234,800	0	0
SUMMARY	1,676	593.04	1,104,900	8,331	749.38	449.07	5,490,705	0	0

//4MU_Queue
Time	Send Rate (msg/s)	Send Latency (ms)	Send Count (msg)	Receive Rate (msg/s)	Receive Latency (ms)	Complete Latency (ms)	Receive Count (msg)	Server Busy Count	Other Exceptions
10:09:47 PM	16,848	119.57	488,600	16,827	177.34	66.46	488,000	0	0
10:10:17 PM	17,316	111.32	519,500	17,336	165.01	62.6	520,101	0	0
10:10:47 PM	16,313	122.31	489,400	16,293	180.32	68.5	488,800	0	0
10:11:17 PM	16,773	116.81	503,200	16,756	173.4	65.31	502,700	0	0
10:11:47 PM	16,400	119.42	492,000	16,420	176.48	66.99	492,600	0	0
10:12:17 PM	16,440	119.13	493,200	16,460	179.39	63.77	493,800	0	0
10:12:47 PM	17,330	113.13	519,900	17,316	169.21	61.54	519,500	0	0
10:13:17 PM	17,243	113.28	517,300	17,246	170.26	61.26	517,400	0	0
10:13:47 PM	16,393	119.88	491,800	16,383	176.52	68.07	491,500	0	0
10:14:17 PM	16,713	117.01	501,400	16,726	174.85	63.73	501,800	0	0
10:14:47 PM	16,293	120.93	488,800	16,246	177.72	68.55	487,400	0	0
10:15:17 PM	15,433	126.99	463,000	15,453	186.8	71.38	463,600	0	0
10:15:47 PM	17,400	112.94	522,000	17,396	166.77	64.36	521,900	0	0
10:16:17 PM	16,550	118.49	496,500	16,566	175.73	65.55	497,000	0	0
10:16:47 PM	17,913	109.39	537,400	17,920	164.84	58.46	537,600	0	0
10:17:17 PM	17,550	111.78	526,500	17,550	166.61	61.29	526,500	0	0
10:17:47 PM	16,656	117.89	499,700	16,650	174.45	65.71	499,500	0	0
10:18:17 PM	17,613	111.46	528,400	17,603	166.14	61.1	528,100	0	0
10:18:47 PM	16,840	116.31	505,200	16,840	173.54	63.71	505,200	0	0
10:19:17 PM	15,960	123.18	478,800	15,953	186.06	64.59	478,600	0	0
10:19:47 PM	16,833	116.51	505,000	16,860	173.03	64.16	505,800	0	0
SUMMARY	16,782	116.89	10,572,700	16,782	173.82	64.54	10,572,701	0	0

//4MU_1Subscription
Time	Send Rate (msg/s)	Send Latency (ms)	Send Count (msg)	Receive Rate (msg/s)	Receive Latency (ms)	Complete Latency (ms)	Receive Count (msg)	Server Busy Count	Other Exceptions
10:21:32 PM	9,553	103.07	286,600	9,480	153.12	55.41	284,400	0	0
10:22:02 PM	9,210	107.7	276,300	9,230	156.91	59.92	276,901	0	0
10:22:32 PM	8,626	114.13	258,800	8,620	169.03	62.22	258,600	0	0
10:23:02 PM	9,223	107.43	276,700	9,190	160.78	57.26	275,700	0	0
10:23:32 PM	8,880	111.5	266,400	8,920	165.09	59.42	267,600	0	0
10:24:02 PM	9,230	107.02	276,900	9,236	160.08	56.61	277,100	0	0
10:24:32 PM	9,460	104.5	283,800	9,390	155.73	55.98	281,700	0	0
10:25:02 PM	9,556	103.47	286,700	9,606	154.66	54.99	288,200	0	0
10:25:32 PM	8,753	112.27	262,600	8,760	166.4	60.55	262,800	0	0
10:26:02 PM	8,573	116.23	257,200	8,580	171.8	62.85	257,400	0	0
10:26:32 PM	8,600	115.02	258,000	8,603	169.9	61.79	258,100	0	0
10:27:02 PM	8,256	119.59	247,700	8,240	177.09	65.93	247,200	0	0
10:27:32 PM	8,950	110.87	268,500	8,973	163.45	59.87	269,200	0	0
10:28:02 PM	9,103	106.07	273,100	9,100	156.25	57.69	273,000	0	0
10:28:32 PM	8,333	121.46	250,000	8,300	176.68	70.24	249,000	0	0
10:29:02 PM	8,563	114.95	256,900	8,633	168.6	62.92	259,000	0	0
10:29:32 PM	9,043	109.85	271,300	9,020	164.45	57.86	270,600	0	0
10:30:02 PM	9,216	107.46	276,500	9,206	161.22	56.07	276,200	0	0
10:30:32 PM	9,043	109.45	271,300	9,026	162.05	59.7	270,800	0	0
10:31:02 PM	8,740	113.14	262,200	8,726	164.09	64.49	261,800	0	0
SUMMARY	8,960	110.48	5,394,100	8,956	163.5	59.91	5,391,901	0	0

//4MU_5Subscriptions
Time	Send Rate (msg/s)	Send Latency (ms)	Send Count (msg)	Receive Rate (msg/s)	Receive Latency (ms)	Complete Latency (ms)	Receive Count (msg)	Server Busy Count	Other Exceptions
10:31:49 PM	4,036	243.05	121,100	19,816	300.78	189.76	594,500	0	0
10:32:19 PM	3,873	252.31	116,200	19,140	337.19	183.74	574,205	0	0
10:32:49 PM	3,850	257.91	115,500	19,376	330.57	187.87	581,300	0	0
10:33:19 PM	3,866	252.7	116,000	19,340	335.22	178.4	580,200	0	0
10:33:49 PM	3,643	268.62	109,300	18,293	340.67	199.84	548,800	0	0
10:34:19 PM	3,750	267.45	112,500	18,656	356.47	190.49	559,700	0	0
10:34:49 PM	3,930	251.07	117,900	19,660	326.91	182.26	589,800	0	0
10:35:19 PM	4,010	246.95	120,300	20,136	329.46	167.61	604,100	0	0
10:35:50 PM	3,890	252.73	116,700	19,453	331.75	181.69	583,600	0	0
10:36:20 PM	4,013	246.36	120,400	19,990	324.79	177.29	599,700	0	0
10:36:50 PM	3,856	252.98	115,700	19,410	318.69	193.77	582,300	0	0
10:37:20 PM	3,746	265.39	112,400	18,606	323.13	215.6	558,200	0	0
10:37:50 PM	3,986	256.55	115,600	19,720	326.35	195.59	571,900	0	0
10:38:20 PM	3,840	257.13	115,200	19,520	332.81	183.87	585,600	0	0
10:38:50 PM	3,850	253.67	115,500	19,200	337.96	177.59	576,000	0	0
10:39:20 PM	3,876	255.4	116,300	19,253	337.77	181.8	577,600	0	0
10:39:50 PM	3,973	249.5	119,200	20,006	332.81	171.43	600,200	0	0
10:40:20 PM	3,623	272.15	108,700	17,940	344.98	207.73	538,200	0	0
10:40:50 PM	3,836	255.86	115,100	19,356	327.38	191.38	580,700	0	0
10:41:20 PM	3,646	270.88	109,400	18,280	340.33	202.58	548,400	0	0
10:41:50 PM	3,680	271.5	110,400	18,233	364.19	188.82	547,000	0	0
10:42:20 PM	3,823	256.43	114,700	19,243	337.29	180.31	577,300	0	0
SUMMARY	3,844	256.86	2,545,100	19,202	333.43	187.4	12,711,805	0	0

